eval_loss = 0.06388235837221146
eval_LOC_precision = 0.9601215343714394
eval_LOC_recall = 0.9656226126814362
eval_LOC_f1 = 0.962864216339745
eval_LOC_number = 2618
eval_MISC_precision = 0.848582995951417
eval_MISC_recall = 0.851340373679935
eval_MISC_f1 = 0.8499594484995945
eval_MISC_number = 1231
eval_ORG_precision = 0.8968140751307656
eval_ORG_recall = 0.9173151750972762
eval_ORG_f1 = 0.9069487857658092
eval_ORG_number = 2056
eval_PER_precision = 0.9727242852448242
eval_PER_recall = 0.975609756097561
eval_PER_f1 = 0.9741648839888103
eval_PER_number = 3034
eval_overall_precision = 0.9343243842911028
eval_overall_recall = 0.9421635529701309
eval_overall_f1 = 0.9382275942739376
eval_overall_accuracy = 0.9854321889843837
eval_runtime = 128.0613
eval_samples_per_second = 25.378
epoch = 3.0
